{
 "cells": [
  {
   "cell_type": "code",
   "execution_count": 1,
   "id": "3425662b",
   "metadata": {},
   "outputs": [
    {
     "name": "stderr",
     "output_type": "stream",
     "text": [
      "[nltk_data] Downloading package vader_lexicon to\n",
      "[nltk_data]     C:\\Users\\DELL\\AppData\\Roaming\\nltk_data...\n",
      "[nltk_data]   Package vader_lexicon is already up-to-date!\n"
     ]
    },
    {
     "data": {
      "text/plain": [
       "True"
      ]
     },
     "execution_count": 1,
     "metadata": {},
     "output_type": "execute_result"
    }
   ],
   "source": [
    "import nltk\n",
    "nltk.download('vader_lexicon')"
   ]
  },
  {
   "cell_type": "code",
   "execution_count": 2,
   "id": "2c3767b2",
   "metadata": {},
   "outputs": [],
   "source": [
    "#import VADER sentiment analysis\n",
    "from nltk.sentiment.vader import SentimentIntensityAnalyzer\n",
    "#creating an instance\n",
    "vds = SentimentIntensityAnalyzer()"
   ]
  },
  {
   "cell_type": "code",
   "execution_count": 3,
   "id": "4c590aab",
   "metadata": {},
   "outputs": [
    {
     "name": "stdout",
     "output_type": "stream",
     "text": [
      "n-> Sentiment scores of the text data:\n",
      "\n"
     ]
    },
    {
     "data": {
      "text/plain": [
       "{'neg': 0.0, 'neu': 0.592, 'pos': 0.408, 'compound': 0.7345}"
      ]
     },
     "execution_count": 3,
     "metadata": {},
     "output_type": "execute_result"
    }
   ],
   "source": [
    "#sentiment analysis of the below text data\n",
    "text = 'I went to the movie, yesterday. It was amazing! Everyone acted well'\n",
    "#polarity_scores followed by the text data inside\n",
    "print('n-> Sentiment scores of the text data:\\n')\n",
    "vds.polarity_scores(text)"
   ]
  },
  {
   "cell_type": "markdown",
   "id": "ff4cd3ec",
   "metadata": {},
   "source": [
    "* Positive sentiment: compound score >= 0.05\n",
    "* Neutral sentiment: (compound score > -0.05) and (compound score < 0.05)\n",
    "* Negative sentiment: compound score <= -0.05"
   ]
  },
  {
   "cell_type": "code",
   "execution_count": 4,
   "id": "8732c9e3",
   "metadata": {},
   "outputs": [],
   "source": [
    "import pandas as pd"
   ]
  },
  {
   "cell_type": "code",
   "execution_count": 5,
   "id": "b10879ef",
   "metadata": {},
   "outputs": [],
   "source": [
    "data_news = pd.read_csv(\"india-news-headlines.csv\" , parse_dates=[0] )"
   ]
  },
  {
   "cell_type": "code",
   "execution_count": 6,
   "id": "42082e0f",
   "metadata": {},
   "outputs": [
    {
     "data": {
      "text/html": [
       "<div>\n",
       "<style scoped>\n",
       "    .dataframe tbody tr th:only-of-type {\n",
       "        vertical-align: middle;\n",
       "    }\n",
       "\n",
       "    .dataframe tbody tr th {\n",
       "        vertical-align: top;\n",
       "    }\n",
       "\n",
       "    .dataframe thead th {\n",
       "        text-align: right;\n",
       "    }\n",
       "</style>\n",
       "<table border=\"1\" class=\"dataframe\">\n",
       "  <thead>\n",
       "    <tr style=\"text-align: right;\">\n",
       "      <th></th>\n",
       "      <th>publish_date</th>\n",
       "      <th>headline_category</th>\n",
       "      <th>headline_text</th>\n",
       "    </tr>\n",
       "  </thead>\n",
       "  <tbody>\n",
       "    <tr>\n",
       "      <th>0</th>\n",
       "      <td>2001-01-02</td>\n",
       "      <td>unknown</td>\n",
       "      <td>Status quo will not be disturbed at Ayodhya; s...</td>\n",
       "    </tr>\n",
       "    <tr>\n",
       "      <th>1</th>\n",
       "      <td>2001-01-02</td>\n",
       "      <td>unknown</td>\n",
       "      <td>Fissures in Hurriyat over Pak visit</td>\n",
       "    </tr>\n",
       "    <tr>\n",
       "      <th>2</th>\n",
       "      <td>2001-01-02</td>\n",
       "      <td>unknown</td>\n",
       "      <td>America's unwanted heading for India?</td>\n",
       "    </tr>\n",
       "    <tr>\n",
       "      <th>3</th>\n",
       "      <td>2001-01-02</td>\n",
       "      <td>unknown</td>\n",
       "      <td>For bigwigs; it is destination Goa</td>\n",
       "    </tr>\n",
       "    <tr>\n",
       "      <th>4</th>\n",
       "      <td>2001-01-02</td>\n",
       "      <td>unknown</td>\n",
       "      <td>Extra buses to clear tourist traffic</td>\n",
       "    </tr>\n",
       "  </tbody>\n",
       "</table>\n",
       "</div>"
      ],
      "text/plain": [
       "  publish_date headline_category  \\\n",
       "0   2001-01-02           unknown   \n",
       "1   2001-01-02           unknown   \n",
       "2   2001-01-02           unknown   \n",
       "3   2001-01-02           unknown   \n",
       "4   2001-01-02           unknown   \n",
       "\n",
       "                                       headline_text  \n",
       "0  Status quo will not be disturbed at Ayodhya; s...  \n",
       "1                Fissures in Hurriyat over Pak visit  \n",
       "2              America's unwanted heading for India?  \n",
       "3                 For bigwigs; it is destination Goa  \n",
       "4               Extra buses to clear tourist traffic  "
      ]
     },
     "execution_count": 6,
     "metadata": {},
     "output_type": "execute_result"
    }
   ],
   "source": [
    "data_news.head()"
   ]
  },
  {
   "cell_type": "code",
   "execution_count": 7,
   "id": "3dd28e58",
   "metadata": {},
   "outputs": [],
   "source": [
    "data_news['headline_text'] = data_news[['publish_date','headline_text']].groupby(['publish_date'])['headline_text'].transform(lambda x: ','.join(x))"
   ]
  },
  {
   "cell_type": "code",
   "execution_count": 8,
   "id": "fe556bb7",
   "metadata": {},
   "outputs": [],
   "source": [
    "data_news.drop(\"headline_category\",axis=1,inplace=True)"
   ]
  },
  {
   "cell_type": "code",
   "execution_count": 9,
   "id": "6e66b14a",
   "metadata": {},
   "outputs": [],
   "source": [
    "data_news.drop_duplicates(inplace=True)"
   ]
  },
  {
   "cell_type": "code",
   "execution_count": 10,
   "id": "175c89f6",
   "metadata": {},
   "outputs": [
    {
     "data": {
      "text/html": [
       "<div>\n",
       "<style scoped>\n",
       "    .dataframe tbody tr th:only-of-type {\n",
       "        vertical-align: middle;\n",
       "    }\n",
       "\n",
       "    .dataframe tbody tr th {\n",
       "        vertical-align: top;\n",
       "    }\n",
       "\n",
       "    .dataframe thead th {\n",
       "        text-align: right;\n",
       "    }\n",
       "</style>\n",
       "<table border=\"1\" class=\"dataframe\">\n",
       "  <thead>\n",
       "    <tr style=\"text-align: right;\">\n",
       "      <th></th>\n",
       "      <th>publish_date</th>\n",
       "      <th>headline_text</th>\n",
       "    </tr>\n",
       "  </thead>\n",
       "  <tbody>\n",
       "    <tr>\n",
       "      <th>0</th>\n",
       "      <td>2001-01-02</td>\n",
       "      <td>Status quo will not be disturbed at Ayodhya; s...</td>\n",
       "    </tr>\n",
       "    <tr>\n",
       "      <th>86</th>\n",
       "      <td>2001-01-03</td>\n",
       "      <td>Powerless north India gropes in the dark,Think...</td>\n",
       "    </tr>\n",
       "    <tr>\n",
       "      <th>127</th>\n",
       "      <td>2001-01-04</td>\n",
       "      <td>The string that pulled Stephen Hawking to Indi...</td>\n",
       "    </tr>\n",
       "    <tr>\n",
       "      <th>280</th>\n",
       "      <td>2001-01-05</td>\n",
       "      <td>Light combat craft takes India into club class...</td>\n",
       "    </tr>\n",
       "    <tr>\n",
       "      <th>406</th>\n",
       "      <td>2001-01-06</td>\n",
       "      <td>Light combat craft takes India into club class...</td>\n",
       "    </tr>\n",
       "  </tbody>\n",
       "</table>\n",
       "</div>"
      ],
      "text/plain": [
       "    publish_date                                      headline_text\n",
       "0     2001-01-02  Status quo will not be disturbed at Ayodhya; s...\n",
       "86    2001-01-03  Powerless north India gropes in the dark,Think...\n",
       "127   2001-01-04  The string that pulled Stephen Hawking to Indi...\n",
       "280   2001-01-05  Light combat craft takes India into club class...\n",
       "406   2001-01-06  Light combat craft takes India into club class..."
      ]
     },
     "execution_count": 10,
     "metadata": {},
     "output_type": "execute_result"
    }
   ],
   "source": [
    "data_news.head()"
   ]
  },
  {
   "cell_type": "code",
   "execution_count": 11,
   "id": "329f4964",
   "metadata": {},
   "outputs": [],
   "source": [
    "#Create an empty list to store sentiment scores\n",
    "scores = []\n",
    "for r in data_news.headline_text:\n",
    "    scores.append(vds.polarity_scores(r))"
   ]
  },
  {
   "cell_type": "code",
   "execution_count": 12,
   "id": "a79080e9",
   "metadata": {},
   "outputs": [
    {
     "data": {
      "text/plain": [
       "[{'neg': 0.108, 'neu': 0.82, 'pos': 0.072, 'compound': -0.9426},\n",
       " {'neg': 0.084, 'neu': 0.817, 'pos': 0.098, 'compound': 0.6322},\n",
       " {'neg': 0.083, 'neu': 0.844, 'pos': 0.073, 'compound': -0.5468},\n",
       " {'neg': 0.103, 'neu': 0.74, 'pos': 0.157, 'compound': 0.9892},\n",
       " {'neg': 0.118, 'neu': 0.709, 'pos': 0.172, 'compound': 0.4404},\n",
       " {'neg': 0.096, 'neu': 0.894, 'pos': 0.01, 'compound': -0.9876},\n",
       " {'neg': 0.123, 'neu': 0.858, 'pos': 0.018, 'compound': -0.9898},\n",
       " {'neg': 0.12, 'neu': 0.836, 'pos': 0.044, 'compound': -0.9901},\n",
       " {'neg': 0.227, 'neu': 0.773, 'pos': 0.0, 'compound': -0.5719},\n",
       " {'neg': 0.033, 'neu': 0.885, 'pos': 0.082, 'compound': 0.9295},\n",
       " {'neg': 0.096, 'neu': 0.864, 'pos': 0.04, 'compound': -0.9039},\n",
       " {'neg': 0.131, 'neu': 0.793, 'pos': 0.077, 'compound': -0.9807},\n",
       " {'neg': 0.065, 'neu': 0.819, 'pos': 0.116, 'compound': 0.8926},\n",
       " {'neg': 0.079, 'neu': 0.837, 'pos': 0.084, 'compound': -0.4738},\n",
       " {'neg': 0.096, 'neu': 0.819, 'pos': 0.085, 'compound': -0.6476},\n",
       " {'neg': 0.054, 'neu': 0.812, 'pos': 0.134, 'compound': 0.9708},\n",
       " {'neg': 0.116, 'neu': 0.802, 'pos': 0.082, 'compound': -0.7887},\n",
       " {'neg': 0.096, 'neu': 0.843, 'pos': 0.061, 'compound': -0.5591},\n",
       " {'neg': 0.105, 'neu': 0.812, 'pos': 0.083, 'compound': -0.798},\n",
       " {'neg': 0.065, 'neu': 0.725, 'pos': 0.209, 'compound': 0.9693},\n",
       " {'neg': 0.058, 'neu': 0.89, 'pos': 0.051, 'compound': -0.6734},\n",
       " {'neg': 0.098, 'neu': 0.792, 'pos': 0.109, 'compound': 0.499},\n",
       " {'neg': 0.114, 'neu': 0.729, 'pos': 0.157, 'compound': 0.8555},\n",
       " {'neg': 0.064, 'neu': 0.832, 'pos': 0.104, 'compound': 0.765},\n",
       " {'neg': 0.062, 'neu': 0.822, 'pos': 0.116, 'compound': 0.811},\n",
       " {'neg': 0.046, 'neu': 0.826, 'pos': 0.128, 'compound': 0.8924},\n",
       " {'neg': 0.069, 'neu': 0.777, 'pos': 0.154, 'compound': 0.9647},\n",
       " {'neg': 0.037, 'neu': 0.895, 'pos': 0.068, 'compound': 0.702},\n",
       " {'neg': 0.064, 'neu': 0.858, 'pos': 0.078, 'compound': 0.2124},\n",
       " {'neg': 0.118, 'neu': 0.865, 'pos': 0.017, 'compound': -0.9368},\n",
       " {'neg': 0.141, 'neu': 0.744, 'pos': 0.115, 'compound': -0.5802},\n",
       " {'neg': 0.05, 'neu': 0.91, 'pos': 0.04, 'compound': 0.6283},\n",
       " {'neg': 0.07, 'neu': 0.885, 'pos': 0.045, 'compound': -0.6973},\n",
       " {'neg': 0.189, 'neu': 0.697, 'pos': 0.114, 'compound': -0.9583},\n",
       " {'neg': 0.051, 'neu': 0.825, 'pos': 0.124, 'compound': 0.9031},\n",
       " {'neg': 0.179, 'neu': 0.715, 'pos': 0.106, 'compound': -0.9056},\n",
       " {'neg': 0.15, 'neu': 0.778, 'pos': 0.073, 'compound': -0.9256},\n",
       " {'neg': 0.042, 'neu': 0.829, 'pos': 0.129, 'compound': 0.9685},\n",
       " {'neg': 0.128, 'neu': 0.816, 'pos': 0.055, 'compound': -0.9496},\n",
       " {'neg': 0.088, 'neu': 0.8, 'pos': 0.112, 'compound': 0.8448},\n",
       " {'neg': 0.128, 'neu': 0.785, 'pos': 0.087, 'compound': -0.8714},\n",
       " {'neg': 0.109, 'neu': 0.804, 'pos': 0.087, 'compound': -0.7003},\n",
       " {'neg': 0.136, 'neu': 0.819, 'pos': 0.045, 'compound': -0.961},\n",
       " {'neg': 0.096, 'neu': 0.831, 'pos': 0.073, 'compound': -0.4588},\n",
       " {'neg': 0.132, 'neu': 0.794, 'pos': 0.074, 'compound': -0.9432},\n",
       " {'neg': 0.04, 'neu': 0.828, 'pos': 0.132, 'compound': 0.9442},\n",
       " {'neg': 0.0, 'neu': 1.0, 'pos': 0.0, 'compound': 0.0},\n",
       " {'neg': 0.0, 'neu': 0.392, 'pos': 0.608, 'compound': 0.4767},\n",
       " {'neg': 0.0, 'neu': 1.0, 'pos': 0.0, 'compound': 0.0},\n",
       " {'neg': 0.14, 'neu': 0.764, 'pos': 0.096, 'compound': -0.7908},\n",
       " {'neg': 0.444, 'neu': 0.556, 'pos': 0.0, 'compound': -0.1531},\n",
       " {'neg': 0.073, 'neu': 0.906, 'pos': 0.021, 'compound': -0.8992},\n",
       " {'neg': 0.053, 'neu': 0.878, 'pos': 0.069, 'compound': 0.6544},\n",
       " {'neg': 0.0, 'neu': 1.0, 'pos': 0.0, 'compound': 0.0},\n",
       " {'neg': 0.0, 'neu': 1.0, 'pos': 0.0, 'compound': 0.0},\n",
       " {'neg': 0.114, 'neu': 0.847, 'pos': 0.039, 'compound': -0.9255},\n",
       " {'neg': 0.079, 'neu': 0.804, 'pos': 0.117, 'compound': 0.7342},\n",
       " {'neg': 0.096, 'neu': 0.805, 'pos': 0.099, 'compound': 0.2263},\n",
       " {'neg': 0.123, 'neu': 0.839, 'pos': 0.038, 'compound': -0.9491},\n",
       " {'neg': 0.153, 'neu': 0.777, 'pos': 0.07, 'compound': -0.9389},\n",
       " {'neg': 0.067, 'neu': 0.794, 'pos': 0.139, 'compound': 0.975},\n",
       " {'neg': 0.06, 'neu': 0.821, 'pos': 0.118, 'compound': 0.9143},\n",
       " {'neg': 0.056, 'neu': 0.864, 'pos': 0.08, 'compound': 0.3533},\n",
       " {'neg': 0.108, 'neu': 0.869, 'pos': 0.023, 'compound': -0.9381},\n",
       " {'neg': 0.143, 'neu': 0.808, 'pos': 0.049, 'compound': -0.9718},\n",
       " {'neg': 0.112, 'neu': 0.845, 'pos': 0.043, 'compound': -0.9321},\n",
       " {'neg': 0.095, 'neu': 0.772, 'pos': 0.133, 'compound': 0.8989},\n",
       " {'neg': 0.429, 'neu': 0.571, 'pos': 0.0, 'compound': -0.4588},\n",
       " {'neg': 0.088, 'neu': 0.847, 'pos': 0.065, 'compound': -0.5673},\n",
       " {'neg': 0.2, 'neu': 0.68, 'pos': 0.12, 'compound': -0.9677},\n",
       " {'neg': 0.054, 'neu': 0.872, 'pos': 0.075, 'compound': -0.3261},\n",
       " {'neg': 0.087, 'neu': 0.842, 'pos': 0.071, 'compound': 0.3695},\n",
       " {'neg': 0.043, 'neu': 0.868, 'pos': 0.089, 'compound': 0.8217},\n",
       " {'neg': 0.081, 'neu': 0.846, 'pos': 0.073, 'compound': -0.4156},\n",
       " {'neg': 0.094, 'neu': 0.843, 'pos': 0.063, 'compound': -0.7569},\n",
       " {'neg': 0.078, 'neu': 0.872, 'pos': 0.05, 'compound': -0.732},\n",
       " {'neg': 0.074, 'neu': 0.874, 'pos': 0.052, 'compound': -0.471},\n",
       " {'neg': 0.186, 'neu': 0.787, 'pos': 0.027, 'compound': -0.9733},\n",
       " {'neg': 0.208, 'neu': 0.758, 'pos': 0.034, 'compound': -0.9779},\n",
       " {'neg': 0.097, 'neu': 0.828, 'pos': 0.075, 'compound': -0.8037},\n",
       " {'neg': 0.073, 'neu': 0.873, 'pos': 0.054, 'compound': -0.7225},\n",
       " {'neg': 0.111, 'neu': 0.814, 'pos': 0.076, 'compound': -0.8174},\n",
       " {'neg': 0.058, 'neu': 0.821, 'pos': 0.122, 'compound': 0.9487},\n",
       " {'neg': 0.045, 'neu': 0.834, 'pos': 0.121, 'compound': 0.917},\n",
       " {'neg': 0.078, 'neu': 0.806, 'pos': 0.115, 'compound': 0.8392},\n",
       " {'neg': 0.098, 'neu': 0.889, 'pos': 0.013, 'compound': -0.9118},\n",
       " {'neg': 0.0, 'neu': 1.0, 'pos': 0.0, 'compound': 0.0},\n",
       " {'neg': 0.134, 'neu': 0.832, 'pos': 0.034, 'compound': -0.9754},\n",
       " {'neg': 0.089, 'neu': 0.864, 'pos': 0.047, 'compound': -0.5267},\n",
       " {'neg': 0.056, 'neu': 0.842, 'pos': 0.103, 'compound': 0.871},\n",
       " {'neg': 0.033, 'neu': 0.846, 'pos': 0.121, 'compound': 0.9454},\n",
       " {'neg': 0.095, 'neu': 0.775, 'pos': 0.13, 'compound': 0.7887},\n",
       " {'neg': 0.074, 'neu': 0.828, 'pos': 0.098, 'compound': 0.5912},\n",
       " {'neg': 0.141, 'neu': 0.789, 'pos': 0.07, 'compound': -0.8949},\n",
       " {'neg': 0.138, 'neu': 0.745, 'pos': 0.118, 'compound': -0.5204},\n",
       " {'neg': 0.144, 'neu': 0.742, 'pos': 0.114, 'compound': -0.7052},\n",
       " {'neg': 0.078, 'neu': 0.799, 'pos': 0.123, 'compound': 0.8647},\n",
       " {'neg': 0.021, 'neu': 0.85, 'pos': 0.129, 'compound': 0.9363},\n",
       " {'neg': 0.092, 'neu': 0.842, 'pos': 0.066, 'compound': -0.6351},\n",
       " {'neg': 0.077, 'neu': 0.862, 'pos': 0.061, 'compound': -0.1779},\n",
       " {'neg': 0.138, 'neu': 0.772, 'pos': 0.09, 'compound': -0.9216},\n",
       " {'neg': 0.145, 'neu': 0.797, 'pos': 0.058, 'compound': -0.968},\n",
       " {'neg': 0.109, 'neu': 0.794, 'pos': 0.097, 'compound': -0.4404},\n",
       " {'neg': 0.098, 'neu': 0.786, 'pos': 0.117, 'compound': -0.1414},\n",
       " {'neg': 0.117, 'neu': 0.779, 'pos': 0.104, 'compound': -0.8379},\n",
       " {'neg': 0.139, 'neu': 0.829, 'pos': 0.033, 'compound': -0.9648},\n",
       " {'neg': 0.167, 'neu': 0.748, 'pos': 0.085, 'compound': -0.9441},\n",
       " {'neg': 0.088, 'neu': 0.774, 'pos': 0.139, 'compound': 0.9518},\n",
       " {'neg': 0.041, 'neu': 0.82, 'pos': 0.139, 'compound': 0.9377},\n",
       " {'neg': 0.077, 'neu': 0.878, 'pos': 0.045, 'compound': -0.4878},\n",
       " {'neg': 0.126, 'neu': 0.803, 'pos': 0.072, 'compound': -0.8954},\n",
       " {'neg': 0.078, 'neu': 0.859, 'pos': 0.063, 'compound': -0.8568},\n",
       " {'neg': 0.0, 'neu': 1.0, 'pos': 0.0, 'compound': 0.0},\n",
       " {'neg': 0.0, 'neu': 0.776, 'pos': 0.224, 'compound': 0.4374},\n",
       " {'neg': 0.129, 'neu': 0.808, 'pos': 0.063, 'compound': -0.9915},\n",
       " {'neg': 0.0, 'neu': 0.606, 'pos': 0.394, 'compound': 0.0772},\n",
       " {'neg': 0.091, 'neu': 0.813, 'pos': 0.096, 'compound': 0.212},\n",
       " {'neg': 0.14, 'neu': 0.802, 'pos': 0.058, 'compound': -0.9983},\n",
       " {'neg': 0.082, 'neu': 0.843, 'pos': 0.075, 'compound': -0.9343},\n",
       " {'neg': 0.082, 'neu': 0.829, 'pos': 0.089, 'compound': 0.8446},\n",
       " {'neg': 0.0, 'neu': 1.0, 'pos': 0.0, 'compound': 0.0},\n",
       " {'neg': 0.0, 'neu': 1.0, 'pos': 0.0, 'compound': 0.0},\n",
       " {'neg': 0.0, 'neu': 1.0, 'pos': 0.0, 'compound': 0.0},\n",
       " {'neg': 0.0, 'neu': 1.0, 'pos': 0.0, 'compound': 0.0},\n",
       " {'neg': 0.4, 'neu': 0.0, 'pos': 0.6, 'compound': 0.25},\n",
       " {'neg': 0.0, 'neu': 1.0, 'pos': 0.0, 'compound': 0.0},\n",
       " {'neg': 0.0, 'neu': 0.548, 'pos': 0.452, 'compound': 0.5106},\n",
       " {'neg': 0.0, 'neu': 0.606, 'pos': 0.394, 'compound': 0.886},\n",
       " {'neg': 0.135, 'neu': 0.789, 'pos': 0.075, 'compound': -0.9976},\n",
       " {'neg': 0.153, 'neu': 0.745, 'pos': 0.102, 'compound': -0.9179},\n",
       " {'neg': 0.102, 'neu': 0.84, 'pos': 0.058, 'compound': -0.9287},\n",
       " {'neg': 0.063, 'neu': 0.84, 'pos': 0.097, 'compound': 0.9426},\n",
       " {'neg': 0.121, 'neu': 0.751, 'pos': 0.129, 'compound': 0.3561},\n",
       " {'neg': 0.073, 'neu': 0.806, 'pos': 0.121, 'compound': 0.9668},\n",
       " {'neg': 0.077, 'neu': 0.798, 'pos': 0.125, 'compound': 0.9495},\n",
       " {'neg': 0.142, 'neu': 0.783, 'pos': 0.076, 'compound': -0.9927},\n",
       " {'neg': 0.097, 'neu': 0.831, 'pos': 0.072, 'compound': -0.9031},\n",
       " {'neg': 0.136, 'neu': 0.782, 'pos': 0.082, 'compound': -0.9751},\n",
       " {'neg': 0.043, 'neu': 0.802, 'pos': 0.155, 'compound': 0.9254},\n",
       " {'neg': 0.062, 'neu': 0.744, 'pos': 0.193, 'compound': 0.5267},\n",
       " {'neg': 0.145, 'neu': 0.855, 'pos': 0.0, 'compound': -0.5267},\n",
       " {'neg': 0.188, 'neu': 0.626, 'pos': 0.186, 'compound': -0.4767},\n",
       " {'neg': 0.229, 'neu': 0.702, 'pos': 0.069, 'compound': -0.8834},\n",
       " {'neg': 0.061, 'neu': 0.939, 'pos': 0.0, 'compound': -0.34},\n",
       " {'neg': 0.059, 'neu': 0.743, 'pos': 0.198, 'compound': 0.6705},\n",
       " {'neg': 0.116, 'neu': 0.839, 'pos': 0.044, 'compound': -0.9542},\n",
       " {'neg': 0.096, 'neu': 0.785, 'pos': 0.119, 'compound': 0.8008},\n",
       " {'neg': 0.119, 'neu': 0.788, 'pos': 0.092, 'compound': -0.9231},\n",
       " {'neg': 0.101, 'neu': 0.864, 'pos': 0.035, 'compound': -0.9807},\n",
       " {'neg': 0.136, 'neu': 0.826, 'pos': 0.037, 'compound': -0.967},\n",
       " {'neg': 0.122, 'neu': 0.78, 'pos': 0.098, 'compound': -0.987},\n",
       " {'neg': 0.082, 'neu': 0.839, 'pos': 0.079, 'compound': -0.8955},\n",
       " {'neg': 0.151, 'neu': 0.759, 'pos': 0.089, 'compound': -0.9965},\n",
       " {'neg': 0.103, 'neu': 0.794, 'pos': 0.103, 'compound': -0.9071},\n",
       " {'neg': 0.162, 'neu': 0.752, 'pos': 0.085, 'compound': -0.9992},\n",
       " {'neg': 0.115, 'neu': 0.816, 'pos': 0.069, 'compound': -0.9958},\n",
       " {'neg': 0.115, 'neu': 0.81, 'pos': 0.075, 'compound': -0.9958},\n",
       " {'neg': 0.11, 'neu': 0.79, 'pos': 0.1, 'compound': -0.8786},\n",
       " {'neg': 0.122, 'neu': 0.817, 'pos': 0.062, 'compound': -0.9969},\n",
       " {'neg': 0.117, 'neu': 0.82, 'pos': 0.063, 'compound': -0.9913},\n",
       " {'neg': 0.138, 'neu': 0.812, 'pos': 0.05, 'compound': -0.998},\n",
       " {'neg': 0.117, 'neu': 0.821, 'pos': 0.062, 'compound': -0.9981},\n",
       " {'neg': 0.124, 'neu': 0.806, 'pos': 0.07, 'compound': -0.9975},\n",
       " {'neg': 0.176, 'neu': 0.741, 'pos': 0.083, 'compound': -0.9997},\n",
       " {'neg': 0.105, 'neu': 0.836, 'pos': 0.059, 'compound': -0.9966},\n",
       " {'neg': 0.134, 'neu': 0.809, 'pos': 0.057, 'compound': -0.9979},\n",
       " {'neg': 0.127, 'neu': 0.791, 'pos': 0.081, 'compound': -0.9967},\n",
       " {'neg': 0.079, 'neu': 0.832, 'pos': 0.089, 'compound': 0.413},\n",
       " {'neg': 0.115, 'neu': 0.815, 'pos': 0.07, 'compound': -0.9981},\n",
       " {'neg': 0.139, 'neu': 0.817, 'pos': 0.045, 'compound': -0.9993},\n",
       " {'neg': 0.112, 'neu': 0.829, 'pos': 0.059, 'compound': -0.9982},\n",
       " {'neg': 0.092, 'neu': 0.836, 'pos': 0.072, 'compound': -0.9753},\n",
       " {'neg': 0.155, 'neu': 0.783, 'pos': 0.062, 'compound': -0.9991},\n",
       " {'neg': 0.1, 'neu': 0.836, 'pos': 0.064, 'compound': -0.9954},\n",
       " {'neg': 0.108, 'neu': 0.819, 'pos': 0.073, 'compound': -0.9972},\n",
       " {'neg': 0.112, 'neu': 0.828, 'pos': 0.061, 'compound': -0.9985},\n",
       " {'neg': 0.137, 'neu': 0.773, 'pos': 0.091, 'compound': -0.9988},\n",
       " {'neg': 0.08, 'neu': 0.857, 'pos': 0.063, 'compound': -0.9803},\n",
       " {'neg': 0.101, 'neu': 0.84, 'pos': 0.059, 'compound': -0.9979},\n",
       " {'neg': 0.096, 'neu': 0.806, 'pos': 0.098, 'compound': 0.7997},\n",
       " {'neg': 0.121, 'neu': 0.785, 'pos': 0.095, 'compound': -0.9884},\n",
       " {'neg': 0.133, 'neu': 0.788, 'pos': 0.079, 'compound': -0.9988},\n",
       " {'neg': 0.1, 'neu': 0.822, 'pos': 0.078, 'compound': -0.9821},\n",
       " {'neg': 0.111, 'neu': 0.81, 'pos': 0.079, 'compound': -0.9964},\n",
       " {'neg': 0.081, 'neu': 0.856, 'pos': 0.063, 'compound': -0.9747},\n",
       " {'neg': 0.106, 'neu': 0.811, 'pos': 0.083, 'compound': -0.9963},\n",
       " {'neg': 0.111, 'neu': 0.816, 'pos': 0.072, 'compound': -0.9968},\n",
       " {'neg': 0.084, 'neu': 0.824, 'pos': 0.093, 'compound': 0.987},\n",
       " {'neg': 0.111, 'neu': 0.774, 'pos': 0.116, 'compound': -0.9023},\n",
       " {'neg': 0.12, 'neu': 0.791, 'pos': 0.088, 'compound': -0.9983},\n",
       " {'neg': 0.115, 'neu': 0.805, 'pos': 0.08, 'compound': -0.9961},\n",
       " {'neg': 0.137, 'neu': 0.776, 'pos': 0.087, 'compound': -0.9994},\n",
       " {'neg': 0.121, 'neu': 0.788, 'pos': 0.09, 'compound': -0.9981},\n",
       " {'neg': 0.123, 'neu': 0.8, 'pos': 0.077, 'compound': -0.9989},\n",
       " {'neg': 0.08, 'neu': 0.851, 'pos': 0.069, 'compound': -0.9404},\n",
       " {'neg': 0.113, 'neu': 0.808, 'pos': 0.079, 'compound': -0.9972},\n",
       " {'neg': 0.111, 'neu': 0.817, 'pos': 0.072, 'compound': -0.9985},\n",
       " {'neg': 0.161, 'neu': 0.748, 'pos': 0.091, 'compound': -0.9997},\n",
       " {'neg': 0.075, 'neu': 0.864, 'pos': 0.061, 'compound': -0.9835},\n",
       " {'neg': 0.117, 'neu': 0.803, 'pos': 0.08, 'compound': -0.9974},\n",
       " {'neg': 0.133, 'neu': 0.794, 'pos': 0.074, 'compound': -0.9996},\n",
       " {'neg': 0.105, 'neu': 0.831, 'pos': 0.064, 'compound': -0.9977},\n",
       " {'neg': 0.124, 'neu': 0.783, 'pos': 0.093, 'compound': -0.9981},\n",
       " {'neg': 0.093, 'neu': 0.819, 'pos': 0.089, 'compound': -0.92},\n",
       " {'neg': 0.131, 'neu': 0.784, 'pos': 0.085, 'compound': -0.9989},\n",
       " {'neg': 0.084, 'neu': 0.839, 'pos': 0.077, 'compound': -0.9648},\n",
       " {'neg': 0.142, 'neu': 0.78, 'pos': 0.078, 'compound': -0.9993},\n",
       " {'neg': 0.112, 'neu': 0.815, 'pos': 0.073, 'compound': -0.9978},\n",
       " {'neg': 0.135, 'neu': 0.779, 'pos': 0.086, 'compound': -0.9993},\n",
       " {'neg': 0.126, 'neu': 0.803, 'pos': 0.071, 'compound': -0.9983},\n",
       " {'neg': 0.127, 'neu': 0.806, 'pos': 0.068, 'compound': -0.9994},\n",
       " {'neg': 0.1, 'neu': 0.833, 'pos': 0.067, 'compound': -0.9988},\n",
       " {'neg': 0.149, 'neu': 0.776, 'pos': 0.074, 'compound': -0.9991},\n",
       " {'neg': 0.154, 'neu': 0.755, 'pos': 0.091, 'compound': -0.9995},\n",
       " {'neg': 0.13, 'neu': 0.796, 'pos': 0.074, 'compound': -0.9988},\n",
       " {'neg': 0.137, 'neu': 0.76, 'pos': 0.103, 'compound': -0.997},\n",
       " {'neg': 0.16, 'neu': 0.747, 'pos': 0.093, 'compound': -0.999},\n",
       " {'neg': 0.102, 'neu': 0.8, 'pos': 0.097, 'compound': -0.8698},\n",
       " {'neg': 0.097, 'neu': 0.842, 'pos': 0.061, 'compound': -0.9975},\n",
       " {'neg': 0.099, 'neu': 0.832, 'pos': 0.069, 'compound': -0.9969},\n",
       " {'neg': 0.097, 'neu': 0.847, 'pos': 0.057, 'compound': -0.9945},\n",
       " {'neg': 0.092, 'neu': 0.832, 'pos': 0.076, 'compound': -0.9846},\n",
       " {'neg': 0.114, 'neu': 0.802, 'pos': 0.084, 'compound': -0.9974},\n",
       " {'neg': 0.141, 'neu': 0.769, 'pos': 0.091, 'compound': -0.9985},\n",
       " {'neg': 0.121, 'neu': 0.802, 'pos': 0.077, 'compound': -0.9986},\n",
       " {'neg': 0.143, 'neu': 0.749, 'pos': 0.108, 'compound': -0.9982},\n",
       " {'neg': 0.128, 'neu': 0.818, 'pos': 0.055, 'compound': -0.9983},\n",
       " {'neg': 0.096, 'neu': 0.839, 'pos': 0.065, 'compound': -0.9964},\n",
       " {'neg': 0.133, 'neu': 0.807, 'pos': 0.061, 'compound': -0.9991},\n",
       " {'neg': 0.132, 'neu': 0.794, 'pos': 0.075, 'compound': -0.999},\n",
       " {'neg': 0.169, 'neu': 0.769, 'pos': 0.062, 'compound': -0.999},\n",
       " {'neg': 0.131, 'neu': 0.809, 'pos': 0.06, 'compound': -0.9989},\n",
       " {'neg': 0.093, 'neu': 0.83, 'pos': 0.078, 'compound': -0.9843},\n",
       " {'neg': 0.098, 'neu': 0.818, 'pos': 0.085, 'compound': -0.9676},\n",
       " {'neg': 0.116, 'neu': 0.797, 'pos': 0.087, 'compound': -0.9948},\n",
       " {'neg': 0.179, 'neu': 0.728, 'pos': 0.093, 'compound': -0.9993},\n",
       " {'neg': 0.122, 'neu': 0.813, 'pos': 0.065, 'compound': -0.9928},\n",
       " {'neg': 0.139, 'neu': 0.756, 'pos': 0.105, 'compound': -0.9958},\n",
       " {'neg': 0.16, 'neu': 0.769, 'pos': 0.071, 'compound': -0.9985},\n",
       " {'neg': 0.138, 'neu': 0.778, 'pos': 0.084, 'compound': -0.9988},\n",
       " {'neg': 0.073, 'neu': 0.879, 'pos': 0.048, 'compound': -0.9745},\n",
       " {'neg': 0.153, 'neu': 0.797, 'pos': 0.05, 'compound': -0.9987},\n",
       " {'neg': 0.128, 'neu': 0.801, 'pos': 0.071, 'compound': -0.9976},\n",
       " {'neg': 0.078, 'neu': 0.831, 'pos': 0.09, 'compound': 0.9278},\n",
       " {'neg': 0.146, 'neu': 0.782, 'pos': 0.072, 'compound': -0.9981},\n",
       " {'neg': 0.122, 'neu': 0.818, 'pos': 0.06, 'compound': -0.9981},\n",
       " {'neg': 0.129, 'neu': 0.814, 'pos': 0.057, 'compound': -0.9981},\n",
       " {'neg': 0.119, 'neu': 0.816, 'pos': 0.066, 'compound': -0.9973},\n",
       " {'neg': 0.128, 'neu': 0.817, 'pos': 0.055, 'compound': -0.998},\n",
       " {'neg': 0.113, 'neu': 0.831, 'pos': 0.056, 'compound': -0.9983},\n",
       " {'neg': 0.105, 'neu': 0.833, 'pos': 0.063, 'compound': -0.9954},\n",
       " {'neg': 0.141, 'neu': 0.777, 'pos': 0.082, 'compound': -0.9975},\n",
       " {'neg': 0.163, 'neu': 0.766, 'pos': 0.07, 'compound': -0.9993},\n",
       " {'neg': 0.138, 'neu': 0.786, 'pos': 0.076, 'compound': -0.996},\n",
       " {'neg': 0.147, 'neu': 0.77, 'pos': 0.082, 'compound': -0.9974},\n",
       " {'neg': 0.102, 'neu': 0.833, 'pos': 0.065, 'compound': -0.993},\n",
       " {'neg': 0.136, 'neu': 0.806, 'pos': 0.058, 'compound': -0.9983},\n",
       " {'neg': 0.116, 'neu': 0.839, 'pos': 0.045, 'compound': -0.9963},\n",
       " {'neg': 0.16, 'neu': 0.772, 'pos': 0.068, 'compound': -0.9992},\n",
       " {'neg': 0.161, 'neu': 0.768, 'pos': 0.072, 'compound': -0.9996},\n",
       " {'neg': 0.128, 'neu': 0.807, 'pos': 0.065, 'compound': -0.9973},\n",
       " {'neg': 0.077, 'neu': 0.859, 'pos': 0.063, 'compound': -0.971},\n",
       " {'neg': 0.08, 'neu': 0.867, 'pos': 0.053, 'compound': -0.9848},\n",
       " {'neg': 0.124, 'neu': 0.78, 'pos': 0.096, 'compound': -0.9954},\n",
       " {'neg': 0.111, 'neu': 0.822, 'pos': 0.067, 'compound': -0.9964},\n",
       " {'neg': 0.089, 'neu': 0.837, 'pos': 0.073, 'compound': -0.9387},\n",
       " {'neg': 0.142, 'neu': 0.79, 'pos': 0.067, 'compound': -0.9983},\n",
       " {'neg': 0.14, 'neu': 0.802, 'pos': 0.058, 'compound': -0.9991},\n",
       " {'neg': 0.133, 'neu': 0.798, 'pos': 0.069, 'compound': -0.9988},\n",
       " {'neg': 0.088, 'neu': 0.827, 'pos': 0.084, 'compound': -0.9051},\n",
       " {'neg': 0.124, 'neu': 0.787, 'pos': 0.089, 'compound': -0.9949},\n",
       " {'neg': 0.124, 'neu': 0.762, 'pos': 0.114, 'compound': -0.8823},\n",
       " {'neg': 0.122, 'neu': 0.8, 'pos': 0.078, 'compound': -0.9968},\n",
       " {'neg': 0.097, 'neu': 0.825, 'pos': 0.078, 'compound': -0.9827},\n",
       " {'neg': 0.13, 'neu': 0.745, 'pos': 0.125, 'compound': -0.7652},\n",
       " {'neg': 0.101, 'neu': 0.834, 'pos': 0.065, 'compound': -0.957},\n",
       " {'neg': 0.111, 'neu': 0.815, 'pos': 0.074, 'compound': -0.9953},\n",
       " {'neg': 0.17, 'neu': 0.766, 'pos': 0.064, 'compound': -0.999},\n",
       " {'neg': 0.144, 'neu': 0.747, 'pos': 0.109, 'compound': -0.9957},\n",
       " {'neg': 0.15, 'neu': 0.775, 'pos': 0.075, 'compound': -0.9976},\n",
       " {'neg': 0.13, 'neu': 0.8, 'pos': 0.07, 'compound': -0.9986},\n",
       " {'neg': 0.098, 'neu': 0.843, 'pos': 0.059, 'compound': -0.9971},\n",
       " {'neg': 0.119, 'neu': 0.807, 'pos': 0.074, 'compound': -0.998},\n",
       " {'neg': 0.105, 'neu': 0.82, 'pos': 0.075, 'compound': -0.9898},\n",
       " {'neg': 0.142, 'neu': 0.767, 'pos': 0.091, 'compound': -0.9982},\n",
       " {'neg': 0.118, 'neu': 0.804, 'pos': 0.078, 'compound': -0.9939},\n",
       " {'neg': 0.105, 'neu': 0.827, 'pos': 0.068, 'compound': -0.9941},\n",
       " {'neg': 0.126, 'neu': 0.784, 'pos': 0.09, 'compound': -0.998},\n",
       " {'neg': 0.123, 'neu': 0.81, 'pos': 0.067, 'compound': -0.9976},\n",
       " {'neg': 0.118, 'neu': 0.82, 'pos': 0.062, 'compound': -0.9976},\n",
       " {'neg': 0.142, 'neu': 0.781, 'pos': 0.078, 'compound': -0.9993},\n",
       " {'neg': 0.135, 'neu': 0.793, 'pos': 0.072, 'compound': -0.9985},\n",
       " {'neg': 0.142, 'neu': 0.79, 'pos': 0.067, 'compound': -0.9978},\n",
       " {'neg': 0.181, 'neu': 0.72, 'pos': 0.099, 'compound': -0.9992},\n",
       " {'neg': 0.068, 'neu': 0.872, 'pos': 0.06, 'compound': -0.9743},\n",
       " {'neg': 0.122, 'neu': 0.789, 'pos': 0.089, 'compound': -0.9934},\n",
       " {'neg': 0.114, 'neu': 0.797, 'pos': 0.089, 'compound': -0.9981},\n",
       " {'neg': 0.11, 'neu': 0.825, 'pos': 0.065, 'compound': -0.9973},\n",
       " {'neg': 0.139, 'neu': 0.768, 'pos': 0.093, 'compound': -0.9986},\n",
       " {'neg': 0.11, 'neu': 0.813, 'pos': 0.077, 'compound': -0.9954},\n",
       " {'neg': 0.129, 'neu': 0.794, 'pos': 0.077, 'compound': -0.9978},\n",
       " {'neg': 0.113, 'neu': 0.804, 'pos': 0.083, 'compound': -0.9959},\n",
       " {'neg': 0.099, 'neu': 0.846, 'pos': 0.054, 'compound': -0.9932},\n",
       " {'neg': 0.145, 'neu': 0.767, 'pos': 0.087, 'compound': -0.9986},\n",
       " {'neg': 0.162, 'neu': 0.728, 'pos': 0.11, 'compound': -0.9986},\n",
       " {'neg': 0.151, 'neu': 0.793, 'pos': 0.057, 'compound': -0.9993},\n",
       " {'neg': 0.163, 'neu': 0.761, 'pos': 0.077, 'compound': -0.9991},\n",
       " {'neg': 0.115, 'neu': 0.8, 'pos': 0.085, 'compound': -0.9864},\n",
       " {'neg': 0.11, 'neu': 0.823, 'pos': 0.066, 'compound': -0.9953},\n",
       " {'neg': 0.119, 'neu': 0.797, 'pos': 0.085, 'compound': -0.9954},\n",
       " {'neg': 0.114, 'neu': 0.821, 'pos': 0.065, 'compound': -0.9963},\n",
       " {'neg': 0.104, 'neu': 0.829, 'pos': 0.067, 'compound': -0.9971},\n",
       " {'neg': 0.133, 'neu': 0.809, 'pos': 0.058, 'compound': -0.9989},\n",
       " {'neg': 0.114, 'neu': 0.826, 'pos': 0.061, 'compound': -0.9962},\n",
       " {'neg': 0.159, 'neu': 0.759, 'pos': 0.083, 'compound': -0.9991},\n",
       " {'neg': 0.176, 'neu': 0.703, 'pos': 0.121, 'compound': -0.9988},\n",
       " {'neg': 0.118, 'neu': 0.818, 'pos': 0.065, 'compound': -0.9972},\n",
       " {'neg': 0.111, 'neu': 0.798, 'pos': 0.09, 'compound': -0.9928},\n",
       " {'neg': 0.121, 'neu': 0.796, 'pos': 0.083, 'compound': -0.9956},\n",
       " {'neg': 0.141, 'neu': 0.789, 'pos': 0.07, 'compound': -0.9984},\n",
       " {'neg': 0.104, 'neu': 0.812, 'pos': 0.084, 'compound': -0.9919},\n",
       " {'neg': 0.127, 'neu': 0.819, 'pos': 0.054, 'compound': -0.9967},\n",
       " {'neg': 0.135, 'neu': 0.758, 'pos': 0.107, 'compound': -0.9976},\n",
       " {'neg': 0.087, 'neu': 0.845, 'pos': 0.068, 'compound': -0.9922},\n",
       " {'neg': 0.089, 'neu': 0.847, 'pos': 0.064, 'compound': -0.9959},\n",
       " {'neg': 0.129, 'neu': 0.784, 'pos': 0.087, 'compound': -0.9983},\n",
       " {'neg': 0.105, 'neu': 0.818, 'pos': 0.076, 'compound': -0.9964},\n",
       " {'neg': 0.107, 'neu': 0.773, 'pos': 0.12, 'compound': 0.9613},\n",
       " {'neg': 0.1, 'neu': 0.811, 'pos': 0.089, 'compound': -0.9507},\n",
       " {'neg': 0.103, 'neu': 0.811, 'pos': 0.085, 'compound': -0.9942},\n",
       " {'neg': 0.099, 'neu': 0.83, 'pos': 0.071, 'compound': -0.9974},\n",
       " {'neg': 0.083, 'neu': 0.857, 'pos': 0.06, 'compound': -0.9944},\n",
       " {'neg': 0.156, 'neu': 0.774, 'pos': 0.07, 'compound': -0.9996},\n",
       " {'neg': 0.122, 'neu': 0.792, 'pos': 0.086, 'compound': -0.9982},\n",
       " {'neg': 0.13, 'neu': 0.77, 'pos': 0.1, 'compound': -0.9967},\n",
       " {'neg': 0.093, 'neu': 0.785, 'pos': 0.122, 'compound': 0.9959},\n",
       " {'neg': 0.087, 'neu': 0.821, 'pos': 0.092, 'compound': -0.8597},\n",
       " {'neg': 0.13, 'neu': 0.783, 'pos': 0.087, 'compound': -0.9984},\n",
       " {'neg': 0.105, 'neu': 0.809, 'pos': 0.086, 'compound': -0.9942},\n",
       " {'neg': 0.125, 'neu': 0.772, 'pos': 0.103, 'compound': -0.9959},\n",
       " {'neg': 0.08, 'neu': 0.858, 'pos': 0.063, 'compound': -0.9854},\n",
       " {'neg': 0.114, 'neu': 0.797, 'pos': 0.089, 'compound': -0.9914},\n",
       " {'neg': 0.125, 'neu': 0.758, 'pos': 0.117, 'compound': -0.9644},\n",
       " {'neg': 0.115, 'neu': 0.798, 'pos': 0.087, 'compound': -0.9987},\n",
       " {'neg': 0.114, 'neu': 0.792, 'pos': 0.095, 'compound': -0.9919},\n",
       " {'neg': 0.105, 'neu': 0.801, 'pos': 0.095, 'compound': -0.984},\n",
       " {'neg': 0.1, 'neu': 0.819, 'pos': 0.08, 'compound': -0.9917},\n",
       " {'neg': 0.11, 'neu': 0.787, 'pos': 0.103, 'compound': -0.8173},\n",
       " {'neg': 0.11, 'neu': 0.765, 'pos': 0.124, 'compound': 0.9706},\n",
       " {'neg': 0.105, 'neu': 0.805, 'pos': 0.09, 'compound': -0.9812},\n",
       " {'neg': 0.116, 'neu': 0.793, 'pos': 0.092, 'compound': -0.9962},\n",
       " {'neg': 0.101, 'neu': 0.833, 'pos': 0.066, 'compound': -0.9983},\n",
       " {'neg': 0.098, 'neu': 0.833, 'pos': 0.069, 'compound': -0.9944},\n",
       " {'neg': 0.129, 'neu': 0.784, 'pos': 0.087, 'compound': -0.997},\n",
       " {'neg': 0.135, 'neu': 0.788, 'pos': 0.077, 'compound': -0.9992},\n",
       " {'neg': 0.089, 'neu': 0.819, 'pos': 0.092, 'compound': 0.9093},\n",
       " {'neg': 0.084, 'neu': 0.823, 'pos': 0.093, 'compound': -0.6452},\n",
       " {'neg': 0.088, 'neu': 0.857, 'pos': 0.055, 'compound': -0.9971},\n",
       " {'neg': 0.126, 'neu': 0.777, 'pos': 0.097, 'compound': -0.998},\n",
       " {'neg': 0.104, 'neu': 0.805, 'pos': 0.09, 'compound': -0.9916},\n",
       " {'neg': 0.102, 'neu': 0.826, 'pos': 0.073, 'compound': -0.9966},\n",
       " {'neg': 0.146, 'neu': 0.757, 'pos': 0.097, 'compound': -0.9989},\n",
       " {'neg': 0.105, 'neu': 0.797, 'pos': 0.098, 'compound': -0.9731},\n",
       " {'neg': 0.072, 'neu': 0.839, 'pos': 0.089, 'compound': 0.9954},\n",
       " {'neg': 0.095, 'neu': 0.81, 'pos': 0.096, 'compound': -0.8872},\n",
       " {'neg': 0.127, 'neu': 0.769, 'pos': 0.103, 'compound': -0.9975},\n",
       " {'neg': 0.097, 'neu': 0.822, 'pos': 0.081, 'compound': -0.9862},\n",
       " {'neg': 0.135, 'neu': 0.768, 'pos': 0.097, 'compound': -0.9983},\n",
       " {'neg': 0.143, 'neu': 0.764, 'pos': 0.093, 'compound': -0.999},\n",
       " {'neg': 0.114, 'neu': 0.808, 'pos': 0.078, 'compound': -0.9975},\n",
       " {'neg': 0.09, 'neu': 0.833, 'pos': 0.078, 'compound': -0.9891},\n",
       " {'neg': 0.095, 'neu': 0.793, 'pos': 0.112, 'compound': 0.9806},\n",
       " {'neg': 0.103, 'neu': 0.833, 'pos': 0.064, 'compound': -0.9982},\n",
       " {'neg': 0.118, 'neu': 0.788, 'pos': 0.093, 'compound': -0.9979},\n",
       " {'neg': 0.125, 'neu': 0.77, 'pos': 0.105, 'compound': -0.9952},\n",
       " {'neg': 0.13, 'neu': 0.792, 'pos': 0.078, 'compound': -0.9986},\n",
       " {'neg': 0.111, 'neu': 0.771, 'pos': 0.118, 'compound': 0.7755},\n",
       " {'neg': 0.115, 'neu': 0.789, 'pos': 0.096, 'compound': -0.9957},\n",
       " {'neg': 0.131, 'neu': 0.77, 'pos': 0.099, 'compound': -0.9974},\n",
       " {'neg': 0.115, 'neu': 0.797, 'pos': 0.088, 'compound': -0.9958},\n",
       " {'neg': 0.144, 'neu': 0.76, 'pos': 0.096, 'compound': -0.9988},\n",
       " {'neg': 0.094, 'neu': 0.816, 'pos': 0.09, 'compound': -0.9798},\n",
       " {'neg': 0.136, 'neu': 0.776, 'pos': 0.088, 'compound': -0.9989},\n",
       " {'neg': 0.155, 'neu': 0.74, 'pos': 0.105, 'compound': -0.999},\n",
       " {'neg': 0.134, 'neu': 0.761, 'pos': 0.105, 'compound': -0.9982},\n",
       " {'neg': 0.119, 'neu': 0.799, 'pos': 0.083, 'compound': -0.9971},\n",
       " {'neg': 0.131, 'neu': 0.777, 'pos': 0.092, 'compound': -0.9981},\n",
       " {'neg': 0.087, 'neu': 0.85, 'pos': 0.063, 'compound': -0.9937},\n",
       " {'neg': 0.097, 'neu': 0.808, 'pos': 0.096, 'compound': -0.8563},\n",
       " {'neg': 0.159, 'neu': 0.754, 'pos': 0.087, 'compound': -0.9991},\n",
       " {'neg': 0.16, 'neu': 0.773, 'pos': 0.067, 'compound': -0.9997},\n",
       " {'neg': 0.1, 'neu': 0.826, 'pos': 0.074, 'compound': -0.9956},\n",
       " {'neg': 0.067, 'neu': 0.858, 'pos': 0.075, 'compound': 0.9594},\n",
       " {'neg': 0.077, 'neu': 0.836, 'pos': 0.087, 'compound': 0.8533},\n",
       " {'neg': 0.073, 'neu': 0.847, 'pos': 0.08, 'compound': 0.8485},\n",
       " {'neg': 0.134, 'neu': 0.771, 'pos': 0.095, 'compound': -0.9986},\n",
       " {'neg': 0.115, 'neu': 0.777, 'pos': 0.108, 'compound': -0.9699},\n",
       " {'neg': 0.156, 'neu': 0.754, 'pos': 0.09, 'compound': -0.9991},\n",
       " {'neg': 0.137, 'neu': 0.777, 'pos': 0.087, 'compound': -0.9989},\n",
       " {'neg': 0.129, 'neu': 0.781, 'pos': 0.09, 'compound': -0.9986},\n",
       " {'neg': 0.134, 'neu': 0.777, 'pos': 0.089, 'compound': -0.999},\n",
       " {'neg': 0.158, 'neu': 0.763, 'pos': 0.078, 'compound': -0.9994},\n",
